1:
95, 108, 128, 142, 143, 178, 200, 212, 232, 193, 199, 292, 207, 252, 344, 273, 276, 297, 292, 296, 348, 340, 416, 445, 3
71, 474, 648, 660, 653, 667, 678, 687, 744, 679, 625, 689, 1082, 680, 906, 714, 696, 673, 685, 750, 727, 739, 721, 787,
772, 850, 803, 826, 911, 943, 875, 890, 904, 949, 955, 1012, 954, 949, 990, 993, 1092, 1168, 1121, 1113, 1057, 1093, 109
6, 1244, 1144, 1187, 1247, 1266, 1306, 1302, 1409, 1334, 1329, 1546, 1379, 1378, 1423, 1434, 1452, 1425, 1441, 1545, 151
6, 1515, 1496, 1513, 1601, 1543,

2:
68, 75, 87, 84, 93, 114, 134, 150, 163, 152, 159, 168, 146, 162, 211, 251, 245, 301, 193, 222, 204, 221, 241, 208, 239,
238, 252, 223, 224, 248, 234, 238, 245, 276, 289, 305, 338, 368, 353, 344, 372, 354, 435, 472, 371, 392, 380, 446, 775,
468, 511, 425, 453, 736, 456, 511, 520, 480, 475, 460, 512, 493, 481, 494, 514, 528, 540, 529, 521, 517, 549, 554, 628,
603, 611, 642, 670, 703, 697, 698, 718, 712, 711, 829, 758, 734, 742, 750, 757, 770, 802, 880, 803, 819, 793, 791,

3:
48, 62, 71, 72, 66, 103, 121, 130, 136, 143, 149, 163, 165, 186, 206, 246, 256, 272, 297, 328, 319, 221, 316, 249, 333,
246, 345, 367, 383, 394, 287, 387, 385, 390, 416, 500, 537, 585, 624, 545, 567, 606, 632, 405, 360, 387, 427, 386, 502,
468, 464, 478, 498, 468, 495, 517, 449, 483, 488, 490, 472, 483, 497, 536, 572, 527, 514, 510, 537, 513, 559, 524, 546,
583, 610, 640, 754, 697, 698, 701, 698, 713, 725, 753, 910, 789, 743, 754, 756, 741, 758, 765, 766, 790, 775, 788,